10001005
101000119102
10138007
102470001
102480002
102491009
102498003
102542000
102549009
102551008
102556003
102558002
102564009
102565005
102572006
102581000
102588006
102594003
102598000
102599008
102607009
102608004
102612005
102616008
102617004
102618009
102619001
102621006
102627005
102628000
102866000
102893002
102897001
102909009
102911000
102912007
102938007
102940002
102943000
103002009
10312003
103276001
103281005
103284002
103298005
103326000
103606006
103681003
10399008
105411000
105485001
105504002
105594005
105611005
105969002
105981003
10601006
10629009
10743008
107671003
108367008
108369006
10867005
109033004
109888004
109992005
110030002
110288007
110302009
11072008
11092001
11114002
111150008
111202002
111224002
111245009
111378004
111475002
111487009
111516008
11157007
111583006
111590001
111843007
11193009
111975006
111980002
112080002
112104007
112222000
112650006
11314008
11381005
1141007
116289008
11654001
11791001
11833005
11849007
11851006
118600007
118618005
11871002
118927008
118930001
118932009
118940003
119250001
119292006
119416008
119419001
12063002
123253007
12326000
123527003
123571000119104
123704008
123799005
124042003
124054003
124055002
12479006
1249004
125605004
125610000
12584003
126660000
126713003
12676007
126765001
126880001
126908007
126926005
126951006
126952004
127013003
127024001
127034005
127086001
127354003
127355002
127566005
128053003
128060009
128069005
128070006
128127008
128139000
128187005
128192007
128239009
128241005
128295000
128351009
128473001
128496001
128601007
128605003
128606002
128609009
128613002
12873001
128862000
129103003
129127001
129128006
129561000119108
129565002
129859006
129899009
13045009
130989002
131008004
131053002
131078003
131148009
131171006
131182003
13164000
13200003
13331008
134199001
134407002
13445001
13644009
13645005
13746004
1376001
13791008
137971000
138075009
138363006
138428002
1386000
1388004
138987004
139083008
139090003
139126000
139127009
139130002
139132005
139138009
139155008
139158005
139200001
139225005
139228007
13924000
139269003
139287000
139299007
139306005
139313005
139328005
139394000
139413009
139488007
139490008
139494004
139498001
139620005
139621009
139668004
139769004
139771004
139776009
1402001
141000119100
1415005
14151009
142655006
14302001
143922007
143962006
144106004
14411002
144124002
144469000
14560005
14662005
14669001
14756005
14760008
14783006
14788002
14912003
15037002
151427006
15167005
15241006
15244003
15250008
15336001
15405008
154374002
154376000
154399001
154759001
154786001
154826009
154967000
155023009
155031004
155040000
155046006
155066002
155073007
15510009
155126003
155139004
155149001
155239008
155248003
155251005
155254002
155307004
155374007
155393009
155419006
155559006
155597006
155632007
155666003
155674002
15574005
155779000
155797008
156026006
156052000
15628003
156381007
156427005
156457001
156471009
156493004
156595009
156596005
156597001
156605005
156606006
156607002
156608007
156609004
156610009
156619005
156648004
156649007
156677003
156683000
156741002
156742009
156743004
156744005
156746007
156747003
156763006
156764000
156765004
157169007
15771004
15803009
15805002
158074000
15902003
15938005
15993004
16046003
160685001
160689007
160691004
16114001
16146001
161789005
161826006
161844003
161859009
161872005
161873000
161874006
161882006
161891005
161908009
161910006
161911005
161913008
161921002
161944004
161946002
161967002
161976009
162011005
162022009
162031009
162041007
162043005
162053006
162059005
162076009
162082007
162105005
162116003
162122007
162129003
162146000
162164007
162202001
162203006
162213003
162221009
162222002
162225000
162227008
162247000
162253000
162276002
162278001
162280007
162290004
162294008
162315007
162325002
162326001
162332006
162351000
162352007
162356005
162367006
162375000
162391002
162400007
162418005
16269008
16331000
163609008
163620008
163621007
16386004
164630008
164931005
164947007
164949005
165232002
165247006
165397008
165468009
165475005
165509000
165517008
16553002
165569003
165583001
165850001
166584001
166602006
166603001
166612004
166643006
166686006
166689004
166690008
166702002
166717003
166818002
166830008
16685009
166892002
167189006
16740003
16761005
167923006
16844001
16973004
169741004
16985007
17029006
17182001
17226007
17289003
17329003
17366009
17369002
17450006
17585008
176271000119108
17709002
1776003
17788007
17790008
178522008
17971005
18050000
1806006
18070006
18101008
18104000
18156008
18165001
18193002
18232000
18265008
1845001
1860003
18618006
18628002
186524006
186748004
187687003
18876004
189607006
18963009
190394009
190633005
190817009
190855004
190905008
191044006
191124002
191306005
191480000
191526005
191567000
191627008
191667009
191736004
191816009
191983006
192073007
192085004
19213003
192348001
192350009
192355004
192384008
192401002
192406007
19242006
192825001
192889009
192928003
193031009
193033007
193166009
193198003
193255007
193387007
193462001
193683001
193894004
193982009
19416009
194399009
19466003
19471005
195021004
195080001
195374003
19551004
195902009
195967001
196075003
196355002
19636003
196481002
19660004
197220006
197253001
197269008
197284004
197321007
197334008
197446008
197456007
197480006
19750001
197657007
197793002
197893006
198115002
198130006
19824006
19829001
198428004
198435007
198436008
19943007
20016009
20018005
200775004
200887004
200936003
201067006
201222006
20165001
202477002
202482009
202484005
202486007
202490009
202533006
202609006
202617003
20262006
202852009
202855006
202882003
20301004
203056001
203082005
203095000
203124006
203129001
203132003
203138004
2032001
203507006
203556007
203718009
20376005
20425006
205788004
20602000
20639004
20696009
2073000
20741006
20897003
2092003
20928004
209758002
209777000
21005005
21117005
21134002
21242011000036102
2129002
213257006
213299007
213325008
21420006
214264003
21454007
21522001
21545007
216004
21639008
21763005
21779011000036103
21801002
21885011000036105
21897009
219229009
221360009
22193007
22253000
2228002
22298006
22325002
224186005
224398005
224403006
22490002
224960004
224962007
224968006
224994002
225002004
225005002
225013001
225014007
225450009
225457007
225460000
225473001
225482007
225487001
225508006
225522006
225549006
225566008
225601007
225609009
225610004
225624000
225723003
22631008
22640007
22743000
22774003
228148009
228150001
228158008
228365005
228432001
228438002
229634004
229713001
229733002
229738006
22994000
23006000
230145002
230381009
230418006
230456007
230473009
230490003
230501005
23056005
230572002
230599000
230645003
230690007
230745008
231483000
231494001
231497008
231504006
231513008
231532002
23154005
231854006
232210005
232342002
232349006
233604007
233703007
233795005
233815004
233824008
233873004
23388006
233916004
233917008
233958001
23414001
234349007
234422006
234947003
23520002
235231000119100
235594008
235595009
235856003
235999009
236071009
236423003
236424009
236514003
236620008
236648008
236661008
236721000
23685000
237091009
237130006
237355007
237452006
237495005
237568003
237598005
237630007
237638000
237662005
237751000
237785004
238108007
238131007
23853001
238538009
238539001
238575004
238751002
238810007
238927000
239107007
23919004
23924001
239720000
239725005
23986001
239965002
240014001
240015000
240196003
240358005
240706001
24184005
24199005
242056005
2424003
242604003
242784006
243321006
243978007
24526004
246453008
246545002
246622003
246636008
246650003
246676003
246682000
24693007
246933002
246936005
246975001
246982002
247053007
2472002
247323005
247342009
247348008
247355005
247373008
247408001
247412007
247441003
247444006
247464001
247471006
247479008
247585004
247588002
247592009
247606008
247627003
247629000
247640008
247653006
247658002
247706003
247761005
247778001
247779009
247796005
247806005
247830007
247832004
247910009
247917007
247953009
247967000
247970001
247977003
247994001
248061004
248062006
248096004
248122005
248132003
248218005
248223005
248250000
248255005
248256006
248262001
248268002
248274002
248277009
248282002
248342006
248422003
248456009
248457000
248490000
248493003
248495005
248499004
248549001
248581005
248583008
248626009
248648003
248653008
248657009
24867002
248714006
248726001
248966006
249290008
249301002
24936000
249366005
249472009
249476007
249477003
249480002
249488009
249489001
249497008
249504006
249544004
249607009
24982008
249898006
249902000
249903005
249912007
249913002
249931001
249938007
249940002
249966004
249985001
249990003
250018006
250036006
250069006
250082003
250084002
250284007
250423000
25064002
250991000119100
25106000
25107009
251175005
251377007
251526004
25322007
253522006
25374005
2538008
25423001
254616004
254637007
254837009
254838004
254877001
254878006
254900004
254935002
25501002
255184001
255287002
255321001
25694009
257551009
257552002
25786006
258155009
25906001
259666007
26036001
26037005
260375008
26079004
260912008
262188008
262286000
26237000
26284000
262956004
262966007
263126002
26322001
26329005
263731006
263780001
263897001
26413003
26416006
26424001
264536006
264569006
26544005
266249003
266257000
266261006
266275004
26628009
266287006
266301006
266314007
266315008
26636000
266391003
266434009
266447004
266474003
266489007
266504002
266525002
266535008
266568001
266635000
266669004
266671004
26677001
267023007
267026004
267028003
267029006
267032009
267036007
267039000
267044007
267045008
267052005
267053000
267060006
267064002
267073005
267078001
267079009
267101005
267102003
267123009
26715006
267160008
267163005
267164004
267165003
267294003
267302008
267426009
267465007
267688001
267690000
267703001
267724006
267728009
267802000
267854005
267868003
267949000
267950000
267953003
268065004
268087008
268088003
268090002
268106003
268109005
268112008
268627007
268750008
268752000
268762007
268775007
26889001
26929004
269485000
269859006
27006004
270476009
270478005
270491006
270492004
270504008
270532004
270903007
271137009
271547004
271583008
271584002
271585001
271587009
271594007
271596009
271599002
271607001
271681002
271696003
271713000
271719001
271737000
271743003
271756005
271757001
271759003
271760008
271761007
271767006
271771009
271782001
271787007
271794005
271795006
271796007
271797003
271798008
271801002
271807003
271811009
271823003
271825005
271831008
271832001
271834000
271835004
271852000
271870002
271873000
271939006
271950009
271951008
272022009
272030005
272039006
27242001
2733002
27355003
274100004
274135002
274137005
274141009
274165007
274179004
274279008
27431007
274521009
274638001
274644002
274646000
274663001
274665008
274666009
274667000
274668005
274676007
274718005
274769005
274770006
27477003
274782002
274896001
274951009
27503000
275295002
275299008
275319005
275393007
275437005
275483004
275498002
27550009
275765006
275921007
275943004
276074009
27625002
276294005
276301007
276333003
27635008
276444007
276507005
276655000
276796006
277223000
27731006
277521002
277797007
277843001
278040002
278286009
27836007
278528006
278679009
27885002
278999000
279038004
279039007
279043006
279063004
279069000
279079003
279084009
279093005
27925004
279333002
27942005
279622009
280816001
281016006
28102002
281104002
28111002
281245003
281257007
281500001
281794004
281801000009108
282020008
282145008
282180007
282195009
282198006
282475008
282664001
28277004
282872002
282926000
282937004
283050005
283121001
283416005
28366008
283902008
284078000
284136008
284140004
284143002
284146005
284149003
284151004
284252000
284262007
28432003
284977008
285145004
285242009
285302001
285303006
285305004
285342006
28536002
285365001
285395009
285397001
285503005
285849008
285851007
286369003
286381004
286387000
28651003
286571004
286641001
286651000
286755001
286933003
287085006
28743005
287731003
288226003
288228002
288230000
288231001
288332005
288335007
288885009
288939007
289001005
289174003
289195008
289530006
289552002
289621007
289669005
289896006
289900009
289903006
289908002
28998008
2901004
2904007
29164008
29384001
29542008
29555009
297142003
297144002
29717002
29738008
29753000
298170003
298203008
298240000
298241001
298382003
29857009
298751004
298753001
298870001
29889000
298941006
299042006
299060006
299110002
299322007
299377003
299702006
299709002
299738004
299933002
299954009
300043006
30010009
30017007
300268000
300306001
300359004
300381009
300439004
300471006
3006004
300650009
300885006
300888008
300895004
300910009
300954003
300955002
300956001
300980002
30098003
301202006
301250005
301340007
301345002
301657001
301660008
301676004
301679006
301770000
301811001
302017001
30213001
302215000
302226006
302231008
302289002
30233002
30281009
302870006
302873008
302896008
3030002
303011007
303078007
303123004
30390004
304132006
304297005
304534000
30473006
30588004
307074005
307077003
30721006
30731004
307413004
30746006
307496006
30800001
3080011000036109
30811009
30819006
308492005
308698004
30871003
308909003
308921004
308925008
309080005
309086004
309087008
309158009
30924005
309245001
309249007
309256001
309257005
309521004
309536001
309537005
309538000
309539008
309557009
309774006
309838005
30989003
31053003
31070006
310789003
3110003
311517002
312099009
312155003
312230002
312399001
312956001
312999006
313341008
3135009
31384009
314109004
314631008
314642004
314944001
31541009
315642008
31681005
31722008
31822004
31908003
31992008
31996006
3218000
3238004
32398004
32402008
3253007
32798002
32838008
32861005
32914008
32939004
330202001
332982000
33308003
33339001
33449004
33485004
33653009
33659008
33737001
3384011000036100
339008
33958003
33994004
34000006
34014006
34020007
34095006
34178000
3424008
343087000
34363003
34436003
34486009
34615008
34789001
34840004
34951003
35001004
350316001
350591008
35064005
35209006
352818000
35301006
3545003
35486000
35489007
35678005
35885006
36031001
361122008
361137007
361138002
36118008
36163009
36171008
36179005
36209000
362968007
362969004
362970003
362973001
362989003
363058009
363101005
36321004
363346000
363406005
363418001
363443007
363681007
36440009
364538006
365722008
365981007
36630001
36689008
366960002
366979004
367127009
36715001
367172001
367174000
367184004
367187006
367189009
367192008
367194009
367206007
367207003
367391008
367433008
367466007
367542003
36760000
367643001
36815008
36923009
36955009
36971009
36994005
370143000
37031009
370569000
370992007
371039008
371081002
371089000
371104006
371163003
37125009
371409005
371569005
371596008
3716002
371628009
371631005
371632003
371973000
372064008
372070002
372091005
372096000
372283008
3723001
37231002
372588000
372658000
372826007
372947007
373176000
373444002
373529000
373566006
373909009
373931001
373932008
373945007
37471005
37567005
37610005
37796009
37871000
38228000
38292009
38341003
38394007
384709000
3848011000036104
385093006
385494008
385627004
386033004
386661006
386674000
386689009
386692008
386705008
386713009
386789004
386790008
386805003
386806002
386807006
386810004
386813002
386816005
386858008
386864001
386868003
386873009
386879008
387055000
387137007
387143009
387189002
387207008
387242007
387458008
387494007
387506000
387525002
387584000
387603000
3877011000036101
387742006
387778001
387801000
38822007
389026000
38907003
38936003
38962007
390064006
390075005
390076006
390077002
390717003
39104002
392291006
393579008
393591004
393671001
393672008
393678007
393706000
393723009
393724003
393733001
39400004
39423001
394656005
394924000
394962002
3951002
39539005
395658001
39579001
39621005
396228006
396230008
396275006
396285007
397513003
397540003
397541004
397696004
397709008
397803000
397811005
397825006
397829000
398026008
398032003
398057008
398114001
398151007
398152000
398212009
39848009
398665005
398909004
398979000
39898005
398991009
399044006
399068003
399079008
399090003
399114005
399122003
399144008
399153001
399269003
399317006
399617002
399939002
399979006
399980009
399993004
400005007
400047006
400075008
400130008
400200009
40031005
400416009
40095003
401211005
401236004
40178009
40196000
402234004
402644006
40275004
402815007
403198004
403675008
403906006
404220000
40445007
404640003
404910002
40492006
405273008
40541001
405543000
405729008
405737000
40593004
405947006
406461004
406506008
40733004
407645004
40806005
408111007
40845000
408647009
409089005
409149001
40915004
40917007
40930008
409498004
40956001
409589004
409622000
409623005
409674002
409675001
409702008
409981006
41006004
410429000
410430005
410502007
410711009
410826001
412130008
412556009
41256004
41266007
413269001
41329004
413444003
41345002
413603009
41370002
413921009
414024009
414086009
414175005
414403008
41446000
414469009
414478003
414545008
414603003
414662006
4147007
414786004
414819007
414850009
414915002
414941008
415116008
41565005
415690000
415692008
415749005
41581000
416093006
416167002
416189003
416209007
41652007
416596008
416675009
416893007
416920000
41699000
416995001
417152008
417418002
417746004
41784005
417941003
418035005
418072004
418092006
418107008
418290006
418363000
418632009
418634005
418834008
418842009
418925002
419145002
419188005
419284004
41931001
419511003
419567006
419581008
419723007
419760006
41982003
420038007
420103007
420422005
420510009
42059000
420990001
421262002
421279008
421493004
422290000
422338006
422400008
422439004
422587007
422588002
422775003
42288005
423052008
423341008
42335002
42343007
42345000
423590009
42365007
423666004
423849004
42399005
424131007
424196004
424263008
424372002
424573006
424582000
424647005
424736006
4249000
425104003
42513006
425423002
425464007
425736001
425748003
425772008
426120002
426206001
426525004
42685002
42689008
426899007
426965005
427020007
427044009
427368007
427380004
427399008
427419006
427461000
427475007
427492003
427898007
428061005
428255004
428281000
428724006
429040005
429340002
429360005
42942008
429513001
429661002
429783005
42982001
42984000
43005009
430469009
4308002
43105007
431416001
432241000124101
432352001
432504007
43275000
43355006
43363007
43364001
43378000
43478001
43498006
43724002
43752006
43763009
4386001
43878008
4399003
43994002
439953004
439955006
439960005
44001008
440027000
44018007
44054006
440630006
44077006
44103008
44132006
441457006
441668002
44169009
441798003
44186003
442076002
442177008
442672001
44301001
443120002
443265004
443416007
443694000
443798008
443826006
443892003
443961001
443980004
444000005
444003007
444312002
444702007
444827008
444899003
445009001
445088006
44515000
445178008
445197008
445445006
44548000
446096008
44635007
44653001
44695005
44730006
44808001
448589005
449191001
449491000124101
449614009
449618007
449917004
449918009
450005
45004005
45007003
45030009
450316000
45147008
45150006
45154002
45177002
4519003
45198002
4529005
45326000
45338009
45352006
45534005
45536007
4556007
45564002
4559000
45647009
4568003
45816000
45913009
45979003
4598005
45991007
46049004
46090001
46123006
46152009
46177005
46206005
46263000
46621007
46627006
46635009
46670006
46742003
46775006
46784006
46991000
47125007
47252008
47268002
473008002
473011001
473456000
47398006
4740000
47437004
47505003
4754008
47563007
4776004
47933007
48055004
48079002
48146000
48165008
48167000
48277006
4834000
48340000
48409008
48440001
48500005
48661000
48694002
48813009
48867003
48926009
49049000
49099001
49218002
49293007
49347007
49386006
49436004
49483002
49563000
49578007
49601007
49650001
4969004
49710005
49765009
49883006
4996001
50043002
50084004
50091001
50112006
50177009
50219008
50279003
50415004
50417007
50582007
50715003
50792001
50820005
50829006
50849002
50920009
50927007
51197009
51387008
51476001
5149003
5152006
5158005
51590001
51599000
51615001
51868009
51875005
51921000
51979000
52072009
52073004
52089001
52254009
52441000
52448006
52457000
52526003
52613005
52673003
52674009
52754008
52845002
5291005
53057004
53165003
53277000
53298000
53312001
5332004
53430007
53489000
53597009
5370000
53741008
53772007
53787002
53888004
53890003
54016002
54150009
54200006
54544005
54552008
54556006
54586004
54981004
55004003
55033002
55056006
5507002
55075001
55146009
55222007
55300003
55350005
55406008
55442000
55464009
5552004
55533009
55584005
55630000
55641003
55822004
55855009
55891002
55921005
55929007
56018004
56038003
56051008
56169002
56170001
56218007
56246009
56265001
56267009
56273005
563001
56391002
56608008
5662003
56731001
56819008
56888007
56905009
56925008
57019003
57054005
571000119103
57182000
57190000
57406009
57433008
5758002
57653000
57676002
57809008
58008004
58275005
58436003
58437007
58694006
58703003
58750007
58848006
5888003
58901008
59026006
59037007
59050008
59118001
5913000
5919001
59282003
59299002
59455009
59571007
59576002
596004
59621000
5964004
5972002
59770006
59843005
59927004
59931005
59976005
60032008
60046008
60119000
60168000
60238002
60309003
60342002
60380001
60389000
60600009
60700002
60728008
6077001
60814007
60845006
60862001
609398007
609410002
609558009
609599003
609600000
61086009
61170000
61261009
61274003
61336008
61372001
61387006
6140007
6142004
61578001
61582004
61599003
61627001
61860000
6208003
6211002
62315008
62476001
62507009
62607004
62718007
6273006
62731002
62744007
6285003
62914000
62994001
63102001
63251006
63339007
63480004
63515003
63725005
6374002
6389006
63901009
63951004
64109004
64144002
64156001
64206003
64226004
64269007
64305001
64379006
64479007
64557000
6456007
64613007
64662007
64667001
64713002
64766004
64779008
64859006
64910008
64936001
65074000
65172003
65194006
65198009
6525002
65312002
65363002
65508009
6561007
65617004
65636009
6574001
65759007
6595006
65958008
66123000
6624005
6631009
66383009
66446005
66590003
66609003
66760008
66789005
6686005
66978005
67015007
67023009
67233009
67251005
67362008
67406007
67425005
67599009
67698009
67782005
67801009
67849003
67882000
67967009
6797001
67988000
68172002
68225006
68226007
68235000
68267002
68449006
68496003
68566005
68600005
68962001
68978004
690701000119101
69192004
69215007
69244009
69322001
69328002
6950007
69640009
69791001
697990000
698065002
698247007
69896004
699262001
699302001
699368004
699376002
699392007
700272008
700467001
7006003
70076002
7011001
70153002
702617007
70323002
70346000
703470001
70407001
706873003
706882009
70733008
707440005
70759006
70784009
708673009
709018004
70995007
710206002
7119001
71219004
71262003
712823008
712893003
71315007
713514005
713566001
713609000
713822005
715039008
716659002
71772004
71785001
71792006
7180009
718217000
718402002
71884009
71908006
71938000
72007001
72042002
720822008
721130001
722192005
722243006
722688002
7231009
72405004
72471000119101
724877007
725119006
726029005
72605008
72654001
72756009
72836002
72934000
73173006
73211009
732984005
73430006
73442001
73583000
73589001
73595000
736500007
73692007
737270004
73867007
7393007
74323005
74400008
74450001
74460005
74474003
7461003
74627003
74732009
74776002
7501002
75088002
75183008
75258004
75315001
75408008
75478009
75483001
75543006
75544000
75694006
75705005
7571003
75789001
75803007
75864003
76023003
76039005
76067001
76069003
76114004
76197007
7627009
76349003
76376003
765060000
76581006
76676007
766955008
76742009
76780005
76844004
768552007
76886005
768962006
76948002
771115008
771542000
77157004
7724006
77424011000036100
77435011000036104
77547008
77643000
77692006
77971008
77981007
78004001
78048006
78129009
78144005
781682005
782201009
78275009
78370002
78441005
7847004
78514002
78623009
78768009
78809005
78860006
79012001
79015004
79282002
79348005
79351003
79395009
79499004
79604008
79644001
79688008
7973008
79740000
79823003
79879001
79883001
79890006
79899007
79915001
79922009
79962008
8009008
8011004
80142000
80182007
80212005
80313002
8034008
80449002
80495009
80515008
80583007
80585000
80659006
80690008
80870001
80954004
80967001
8098009
81010002
81060008
81308009
81318004
8148005
81548002
81573002
81680005
8186001
81934005
81950002
81953000
82119001
82156005
8217007
82212003
82272006
82275008
82297005
82313006
82403002
82423001
82470000
8247009
82545002
82636008
82639001
82883008
82971005
82991003
83062006
83074005
83128009
83132003
83156004
83225003
83412009
83414005
83421005
83547004
8357008
83943005
84004001
84017003
84114007
84178004
84229001
84292000
84326006
84445001
84480002
84584008
84619001
84679006
84828003
84946008
85057007
8510008
85269007
85418005
85659009
85716005
85758008
85769006
85828009
85904008
85972008
86044005
86142006
8619003
86276007
86318000
86406008
86513005
86514004
8652009
86553008
86651002
86684002
86708008
86854008
8708008
87128005
87248009
87309006
87317003
87364003
87433001
87486003
87522002
8765009
8769003
87696004
87715008
87749000
87866006
88052002
88092000
88111009
88151007
88157006
88232005
88278002
88480006
88594005
88729006
88854002
8900005
89010004
89077005
89091004
89138009
89362005
89419008
8943002
89458003
89627008
89675003
90039006
9012003
90128006
9014002
90176007
90207007
90332006
90446007
90460009
90507008
90560007
9062008
90673000
90708001
90834002
91019004
91175000
9126005
91302008
91514001
91637004
91855006
9209005
928000
92814006
93143009
93163002
932006
93478000
9360008
93655004
94222008
94225005
95281009
95315005
95319004
95320005
95347000
95359001
95365001
95366000
95367009
95371007
95377006
95378001
95381006
95388000
95391000
95392007
95395009
95402002
95418008
95422003
95523006
95524000
95525004
95540002
95545007
95556007
95566004
95570007
95578000
95631006
95662005
95663000
95666008
95668009
95673003
95677002
95723009
95847005
95880003
95891005
95900002
95907004
9631008
9713002
9748009
9826008
9829001
991002
9991008
